0000000000 0000000004 9000000009
m 1 1 2000
Al
-1
-1
0000000001 0000000002 0000000013
m 1 1 2000
Bob
-1
-1
0000000002 0000000003 9000000009
m 1 1 2000
Carl
-1
-1
0000000003 0000000004 0000000012
m 1 1 2000
Doug
-1
-1
0000000004 1000000000 0000000014
m 1 1 2000
Ed
-1
-1
0000000010 0000000004 0000000014
f 1 1 2000
Alice
-1
-1
0000000011 1000000000 9000000009
f 1 1 2000
Beulah
-1
-1
0000000012 1000000000 9000000009
f 1 1 2000
Chrissie
-1
-1
0000000013 1000000000 0000000011
f 1 1 2000
Darla
-1
-1
0000000014 1000000000 0000000013
f 1 1 2000
Ethyl
-1
-1
0000000015 0000000001 0000000014
m 1 1 2000
Fortran
-1
-1
0000000016 1000000000 0000000014
f 1 1 2000
Flossie
-1
-1
0000000017 0000000003 9000000009
f 1 1 2000
Gertie
-1
-1
